20240509
20240510
20240513
20240514
20240515
20240516
20240517
20240520
20240521
20240522
20240523
20240524
20240527
20240528
20240529
20240530
20240531
20240603
20240604
20240605
20240606
20240607
20240610
20240611
20240612
20240613
20240614
20240617
20240618
20240619
20240620
20240621
20240624
20240625
20240626
20240627
20240628
20240701
20240702
20240703
20240704
20240705
20240708
20240709
20240710
20240711
20240712
20240715
20240716
20240717
20240718
20240725
20240820
20240823
20240826
20240913
20240916
20240917
20240918
20240919
20240920
20240923
20240924
20240925
20240926
20240927
20240930
20241001
20241002
20241003
20241004
20241007
20241008
20241009
20241010
20241011
20241014
20241015
20241016
20241017
20241018
20241021
20241022
20241023
20241024
20241025
20241028
20241029
20241030
20241031
20241101
20241104
20241105
20241106
20241107
20241108
20241111
20241112
20241113
20241114
20241115
20241118
20241119
20241120
20241121
20241122
20241125
20241126
20241127
20241128
20241129
20241202
20241203
20241204
20241205
20241206
20241209
20241210
20241211
20241212
20241213
20241216
20241217
20241218
20241219
20241220
20241223
20241224
20241225
20241226
20241227
20241230
20241231
20250101
20250102
20250103
20250106
20250107
20250108
20250109
20250110
20250113
20250114
20250115
20250116
20250117
20250120
20250121
20250122
20250123
20250124
20250127
20250128
20250129
20250130
20250131
20250203
20250204
20250205
20250206
20250207
20250210
20250211
20250212
20250213
20250214
20250217
20250218
20250219
20250220
20250221
20250224
20250225
20250226
20250227
20250228
20250303
20250304
20250305
20250306
20250307
20250310
20250311
20250312
20250313
20250314
20250317
20250318
20250319
20250320
20250321
20250324
20250325
20250326
20250327
20250328
20250331
20250401
20250402
20250403
20250404
20250407
20250408
20250409
20250410
20250411
20250414
20250415
20250416
20250417
20250418
20250421
20250422
20250423
20250424
20250425
20250428
20250429
20250430
20250501
20250502
20250505
20250506
20250507
20250508
20250509
20250512
20250513
20250514
20250515
20250516
20250519
20250520
20250521
20250522
20250523
20250526
20250527
20250528
20250529
20250530
20250602
20250603
20250604
20250605
20250606
20250609
20250610
20250611
20250612
20250613
20250616
20250617
20250618
20250619
20250620
20250623
20250624
20250625
20250626
20250627
20250630
20250701
20250702
20250703
20250704
20250707
20250708
20250709
20250710
20250711
20250714
20250715
20250716
20251124
20251125
20251126
20251127
20251128
20251201
20251202
20251203
20251204
20251205
20251208
20251209
20251210
20251211
20251212
20251215
20251216
20251217
20251218
20251219
20251222
20251223
20251224
20251225
20251226
20251231
20260101
20260102
20260116
20260119
20260126
20260127
20260128
20260129
20260130
20260202
20260203
20260204
20260205
20260206
20260209
20260210
20260211
20260212
20260213
20260216
20260217
20260218
20260219
20260220
20260223
20260224
20260225
20260226
20260227
20260302
20260303